3610 424.6443
3611 90.1600
3612 286.4047
3613 157.5923
3614 279.0189
3615 406.8297
3616 267.6951
3617 72.1993
3618 1347.4536
3619 236.8426
3620 148.9828
3621 240.3962
3622 170.9395
3623 1615.6759
3624 125.1217
3625 180.9860
3626 116.2352
3627 39.5609
3628 39.9095
3629 68.2473
3630 124.4535
3631 35.8900
3632 306.5779
3633 56.1846
3634 601.6786
3635 668.3127
3636 236.6185
3637 406.1740
3638 38.7224
3639 657.5605
3640 200.6640
3641 449.5669
3642 489.1294
3643 19.9250
3644 201.8749
3645 242.9134
3646 1351.4364
3647 80.5749
3648 235.5762
3649 40.4036
3650 232.2715
3651 234.1121
3652 103.9162
3653 214.3697
3654 107.3700
3655 92.0024
3656 175.1950
3657 266.6809
3658 435.0344
3659 122.2987
3660 158.5055
3661 284.9358
3662 35.0468
3663 603.8314
3664 252.8048
3665 117.4364
3666 51.5771
3667 51.3307
3668 327.1584
3669 54.2223
3670 375.9876
3671 77.5806
3672 22.4679
3673 177.2410
3674 35.9132
3675 325.4681
3676 37.4463
3677 144.5686
3678 344.7302
3679 337.0392
3680 57.8783
3681 154.5088
3682 756.7413
3683 463.1210
3684 59.5118
3685 77.6109
3686 151.0273
3687 124.2767
3688 48.7965
3689 62.7633
3690 178.5882
3691 371.2806
3692 70.0994
3693 271.9191
3694 1362.8655
3695 101.2887
3696 29.9285
3697 155.7864
3698 204.6489
3699 39.6986
3700 513.8239
3701 200.3547
3702 451.7980
3703 241.3826
3704 133.3239
3705 -4.9431
3706 328.9493
3707 78.4773
3708 166.1244
3709 153.5785
3710 155.9084
3711 456.2122
3712 655.8680
3713 117.9180
3714 63.1222
3715 979.9793
3716 80.1435
3717 172.0750
3718 8.4940
3719 46.0243
3720 160.4278
3721 473.0180
3722 123.9817
3723 57.6638
3724 384.6682
3725 662.3545
3726 38.0458
3727 39.3504
3728 652.8808
3729 26.5618
3730 176.5466
3731 149.3378
3732 311.4899
3733 46.1006
3734 656.8191
3735 -8.1678
3736 47.8207
3737 224.9382
3738 511.3009
3739 521.1402
3740 111.1101
3741 1276.2070
3742 36.0680
3743 455.1124
3744 215.6747
3745 295.5904
3746 94.1437
3747 30.9216
3748 85.0210
3749 70.1043
3750 386.9338
3751 136.6700
3752 430.6034
3753 277.2775
3754 694.2673
3755 259.4479
3756 148.9150
3757 19.2003
3758 914.7307
3759 227.3938
3760 104.0316
3761 2221.2397
3762 194.0669
3763 732.7605
3764 -23.3192
3765 35.3691
3766 75.4578
3767 537.5911
3768 104.9724
3769 675.9456
3770 720.1155
3771 948.2723
3772 469.3171
3773 13.1232
3774 35.3377
3775 539.6178
3776 286.4216
3777 87.6394
3778 204.4617
3779 305.5061
3780 640.4393
3781 219.3928
3782 638.2220
3783 382.6802
3784 34.8246
3785 379.0016
3786 813.5871
3787 32.3017
3788 2520.2495
3789 41.1411
3790 -106.2120
3791 70.3139
3792 362.1934
3793 98.5250
3794 181.4335
3795 65.5793
3796 476.9407
3797 320.1832
3798 238.6247
3799 213.4821
3800 202.0974
3801 339.8039
3802 15.4937
3803 112.9272
3804 361.6066
3805 551.6780
3806 367.4152
3807 63.4728
3808 319.6926
3809 241.1181
3810 118.0011
3811 1146.2509
3812 161.4699
3813 332.8695
3814 447.3362
3815 149.8621
3816 228.7410
3817 266.5602
3818 430.2657
3819 79.0834
3820 1242.8483
3821 540.6125
3822 109.4596
3823 383.0567
3824 208.2594
3825 237.4944
3826 271.5741
3827 136.8974
3828 148.7150
3829 220.7327
3830 71.5531
3831 75.4722
3832 72.5858
3833 102.0904
3834 370.7898
3835 17.9557
3836 223.8504
3837 463.4787
3838 607.7486
3839 278.6340
3840 119.2102
3841 395.2436
3842 100.2586
3843 42.9497
3844 509.0577
3845 393.1050
3846 174.6399
3847 170.4565
3848 1744.6952
3849 132.6103
3850 179.7785
3851 323.0159
3852 138.9892
3853 84.0772
3854 20.6283
3855 311.1166
3856 233.4089
3857 162.3234
3858 -33.4033
3859 261.5905
3860 49.7404
3861 358.4678
3862 78.5258
3863 279.1045
3864 363.1663
3865 38.9853
3866 585.0046
3867 31.3646
3868 101.2330
3869 123.9758
3870 64.4338
3871 118.4073
3872 315.8545
3873 177.4351
3874 100.8054
3875 45.1608
3876 141.2100
3877 136.6159
3878 108.2951
3879 90.2263
3880 141.7835
3881 196.9541
3882 22.0938
3883 317.3181
3884 869.5834
3885 10.2881
3886 307.0405
3887 414.2353
3888 374.2264
3889 30.8504
3890 330.4877
3891 109.4089
3892 814.5327
3893 180.6427
3894 32.0782
3895 82.7310
3896 121.1321
3897 86.6059
3898 153.1436
3899 150.5301
3900 358.0281
3901 148.4117
3902 288.3469
3903 1236.1826
3904 717.8830
3905 302.8053
3906 98.9257
3907 29.1728
3908 118.2567
3909 457.3236
3910 146.1684
3911 102.9221
3912 90.4628
3913 1126.5451
3914 119.8359
3915 569.3100
3916 195.3910
3917 39.9434
3918 48.3177
3919 172.9620
3920 113.5719
3921 245.0618
3922 327.5418
3923 189.4984
3924 110.1922
3925 299.8613
3926 480.1011
3927 63.2727
3928 81.6426
3929 175.9033
3930 271.9014
3931 498.1326
3932 519.5741
3933 271.9407
3934 87.6577
3935 -6.4225
3936 52.6969
3937 361.9950
3938 441.8575
3939 209.0828
3940 132.5402
3941 1137.0084
3942 119.0500
3943 119.8540
3944 191.5022
3945 354.3241
3946 42.5245
3947 246.1313
3948 161.6377
3949 860.1091
3950 158.7504
3951 396.9770
3952 709.9927
3953 448.9921
3954 1211.9473
3955 47.9680
3956 45.2592
3957 341.4527
3958 627.8981
3959 210.3495
3960 1267.3255
3961 54.7381
3962 257.1725
3963 126.0317
3964 27.7110
3965 165.4681
3966 9.6172
3967 132.6087
3968 325.4400
3969 247.4678
3970 155.6587
3971 288.9868
3972 30.1656
3973 247.3867
3974 103.0867
3975 716.9126
3976 918.9077
3977 218.7578
3978 205.5102
3979 259.1366
3980 82.9995
3981 49.0855
3982 87.5764
3983 420.1439
3984 310.4505
3985 36.0265
3986 18.6792
3987 146.4815
3988 608.0230
3989 2649.3228
3990 463.5548
3991 174.9105
3992 366.9621
3993 -1.8940
3994 155.4991
3995 115.3720
3996 653.6434
3997 500.8028
3998 137.0078
3999 32.1578
4000 104.1563
4001 27.5778
4002 120.1881
4003 66.0375
4004 497.8428
4005 237.6182
4006 26.3182
4007 192.8179
4008 473.7398
4009 49.6366
4010 157.5420
4011 267.9365
4012 293.0252
4013 20.7267
4014 3.5874
4015 18.3794
4016 215.3168
4017 216.1167
4018 68.0755
4019 112.9008
4020 328.2561
4021 110.2938
4022 244.4059
4023 61.5349
4024 93.7283
4025 178.8576
4026 372.0002
4027 37.5805
4028 77.6046
4029 179.6902
4030 799.2855
4031 149.7945
4032 -3.2553
4033 247.0443
4034 428.4096
4035 83.1021
4036 33.7323
4037 192.0407
4038 197.0469
4039 163.8065
4040 24.3889
4041 905.3112
4042 153.3771
4043 723.3948
4044 663.4682
4045 80.2632
4046 430.9293
4047 183.2326
4048 311.2954
4049 115.8717
4050 256.2109
4051 144.3875
4052 180.3580
4053 124.4138
4054 66.5101
4055 441.1389
4056 973.7355
4057 276.4554
4058 217.8720
4059 349.0948
4060 470.6532
4061 141.7075
4062 32.7815
4063 168.4429
4064 724.6559
4065 46.2436
4066 225.0819
4067 82.2291
4068 107.5616
4069 231.4854
4070 127.4451
4071 402.1687
4072 423.7288
4073 400.5540
4074 146.6662
4075 225.8966
4076 350.8649
4077 -10.7464
4078 59.1407
4079 180.5041
4080 213.0865
4081 79.0651
4082 212.6193
4083 16.7147
4084 66.1526
4085 383.6647
4086 426.7455
4087 268.8648
4088 23.9733
4089 90.4478
4090 443.6484
4091 31.8177
4092 149.7159
4093 311.4979
4094 264.9785
4095 132.5128
4096 243.7822
4097 1885.7197
4098 135.7448
4099 950.4370
4100 322.8966
4101 175.9514
4102 683.1237
4103 927.2337
4104 -40.4947
4105 100.3428
4106 641.6323
4107 259.4194
4108 182.1655
4109 148.5682
4110 69.0621
4111 760.6310
4112 243.4112
4113 79.6291
4114 140.7677
4115 65.1799
4116 126.5943
4117 157.2334
4118 431.2186
4119 326.6438
4120 542.3552
4121 -1.9703
4122 39.9770
4123 292.7188
4124 456.7026
4125 70.7112
4126 458.3975
4127 73.0492
4128 -2.1813
4129 91.1779
4130 260.9462
4131 819.3455
4132 273.8055
4133 60.6351
4134 301.7824
4135 936.2038
4136 56.5416
4137 319.3068
4138 41.1923
4139 138.3731
4140 319.1906
4141 157.9199
4142 132.6543
4143 167.9263
4144 166.3576
4145 350.1993
4146 254.1486
4147 60.4041
4148 115.3991
4149 626.3468
4150 129.9414
4151 339.8179
4152 408.0926
4153 1187.8080
4154 2022.4133
4155 262.0205
4156 111.2425
4157 122.1349
4158 183.6986
4159 33.7452
4160 567.8103
4161 223.6377
4162 518.1113
4163 45.9794
4164 26.3756
4165 158.3145
4166 284.3767
4167 68.5332
4168 1955.8303
4169 51.6430
4170 462.8249
4171 514.3501
4172 262.7270
4173 66.3699
4174 295.6986
4175 724.0769
4176 1438.9537
4177 869.9088
4178 341.2486
4179 24.2601
4180 124.3640
4181 724.9573
4182 1065.6517
4183 222.9445
4184 52.8298
4185 78.2813
4186 29.7138
4187 30.0130
4188 70.2880
4189 151.3844
4190 158.7698
4191 156.7679
4192 346.9394
4193 142.0460
4194 73.4789
4195 178.8780
4196 189.3299
4197 404.1912
4198 91.2938
4199 614.1628
4200 296.6018
4201 238.9743
4202 61.0866
4203 225.7612
4204 368.5405
4205 109.4924
4206 26.1685
4207 214.5344
4208 150.4642
4209 163.2135
4210 212.0189
4211 417.8368
4212 2246.0219
4213 13.8745
4214 382.3158
4215 133.0602
4216 343.6200
4217 374.8157
4218 18.6627
4219 68.4764
4220 74.0226
4221 387.0334
4222 142.8941
4223 56.9309
4224 35.0092
4225 616.9806
4226 181.3021
4227 319.6221
4228 184.8664
4229 141.9146
4230 110.2554
4231 113.4737
4232 221.1119
4233 225.3313
4234 -0.1661
4235 -2.0704
4236 25.9395
4237 126.9747
4238 262.0223
4239 160.3734
4240 65.4328
4241 162.0469
4242 251.9243
4243 67.8406
4244 445.3998
4245 95.5306
4246 330.5904
4247 152.0369
4248 124.2937
4249 135.6906
4250 44.9599
4251 197.6664
4252 99.1164
4253 357.6584
4254 429.7906
4255 310.4011
4256 643.5715
4257 330.4601
4258 56.5763
4259 136.7668
4260 199.8922
4261 52.8195
4262 110.4462
4263 312.9915
4264 624.6539
4265 107.6513
4266 113.7525
4267 232.9001
4268 595.1863
4269 147.0360
4270 513.6427
4271 435.7870
4272 126.0942
4273 388.2589
4274 100.6402
4275 1452.9481
4276 177.5130
4277 397.5670
4278 103.9982
4279 220.9651
4280 182.9855
4281 471.3117
4282 1086.6648
4283 38.3205
4284 34.4966
4285 934.5824
4286 78.5002
4287 371.3702
4288 152.2043
4289 300.6141
4290 285.4413
4291 292.0191
4292 19.2645
4293 452.0488
4294 457.2611
4295 146.2634
4296 74.8992
4297 307.0857
4298 216.4610
4299 168.1299
4300 366.1734
4301 74.6550
4302 176.3752
4303 343.5159
4304 857.3756
4305 230.7820
4306 278.6701
4307 107.4363
4308 114.7368
4309 4.4726
4310 77.9181
4311 293.9652
4312 232.3361
4313 298.9651
4314 1308.9842
4315 239.2815
4316 121.0905
4317 1211.7370
4318 140.2866
4319 60.3257
4320 247.1448
4321 728.8235
4322 123.2925
4323 335.6939
4324 74.5261
4325 103.7913
4326 1130.2232
4327 383.2074
4328 855.7462
4329 166.5407
4330 199.4348
4331 839.6096
4332 543.0968
4333 150.2022
4334 365.9702
4335 41.1596
4336 63.8316
4337 752.4301
4338 310.0484
4339 291.0582
4340 442.3938
4341 306.1720
4342 432.5307
4343 431.3014
4344 62.6896
4345 875.2419
4346 64.3709
4347 361.6033
4348 90.0006
4349 700.1559
4350 120.4827
4351 348.1517
4352 46.4413
4353 81.6187
4354 258.1131
4355 164.8910
4356 419.2601
4357 567.2550
4358 162.9829
4359 107.6738
4360 709.0383
4361 150.9769
4362 96.3101
4363 651.1557
4364 16.4127
4365 58.6954
4366 661.0524
4367 268.7136
4368 431.1115
4369 93.1639
4370 30.4677
4371 601.5239
4372 253.1769
4373 102.0281
4374 328.2199
4375 612.7097
4376 20.1377
4377 168.3626
4378 116.4016
4379 222.2035
4380 252.9558
4381 103.9378
4382 561.9658
4383 258.4197
4384 134.0788
4385 18.5164
4386 99.8450
4387 502.1224
4388 244.3714
4389 535.6477
4390 776.4882
4391 146.3913
4392 918.5380
4393 162.8425
4394 383.6259
4395 124.1088
4396 67.4972
4397 382.7098
4398 380.3784
4399 348.6732
4400 221.7015
4401 102.2707
4402 101.0224
4403 110.4133
4404 300.5579
4405 509.6232
4406 444.9609
4407 226.7693
4408 338.9814
4409 972.6287
4410 297.2579
4411 212.3002
4412 85.3105
4413 169.0772
4414 176.9374
4415 115.5460
4416 60.9604
4417 102.8908
4418 304.1400
4419 97.1425
4420 939.1400
4421 53.2031
4422 -6.7746
4423 84.4281
4424 227.1822
4425 405.6110
4426 309.9780
4427 164.1643
4428 299.7899
4429 21.4185
4430 105.6133
4431 191.5704
4432 400.9296
4433 138.0080
4434 1193.0830
4435 40.7703
4436 12.4467
4437 2061.3606
4438 263.0502
4439 48.3321
4440 31.8967
4441 46.2282
4442 186.9715
4443 108.3047
4444 104.9040
4445 78.8888
4446 308.5546
4447 76.4954
4448 270.4431
4449 98.6656
4450 78.6279
4451 7.7782
4452 295.5779
4453 178.1466
4454 84.9852
4455 137.8797
4456 79.9387
4457 47.9993
4458 112.2409
4459 43.4350
4460 510.2942
4461 112.6710
4462 252.4229
4463 467.8037
4464 514.2958
4465 210.8512
4466 1451.5948
4467 299.3289
4468 458.0140
4469 123.1901
4470 305.5487
4471 86.4235
4472 55.1921
4473 149.0628
4474 241.8973
4475 990.3946
4476 186.5731
4477 220.4036
4478 375.4315
4479 90.5375
4480 286.2941
4481 802.3679
4482 497.0967
4483 1020.5324
4484 2331.7131
4485 602.2076
4486 14.6243
4487 616.5261
4488 425.2135
4489 246.8099
4490 1142.6922
4491 240.2224
4492 41.2965
4493 834.1548
4494 256.6937
4495 138.2010
4496 314.8534
4497 63.4922
4498 118.6547
4499 180.1978
4500 473.3207
4501 68.2653
4502 215.5462
4503 135.2091
4504 726.7943
4505 209.8721
4506 59.5242
4507 788.6461
4508 265.6268
4509 444.0193
4510 566.6466
4511 44.3014
4512 78.8173
4513 486.3896
4514 78.4057
4515 282.9148
4516 252.3280
4517 29.2503
4518 -5.8203
4519 168.9623
4520 175.0444
4521 192.4235
4522 124.2890
4523 438.5993
4524 1069.9924
4525 244.0949
4526 424.2076
4527 658.5758
4528 179.3211
4529 484.8600
4530 286.9483
4531 196.6177
4532 40.0018
4533 74.3412
4534 887.5648
4535 694.2359
4536 124.5200
4537 231.2970
4538 180.9332
4539 263.5308
4540 336.3818
4541 23.4198
4542 250.2993
4543 19.0351
4544 181.4278
4545 76.8262
4546 218.7730
4547 325.3209
4548 959.7659
4549 191.6561
4550 82.3588
4551 607.8010
4552 300.6867
4553 169.4071
4554 236.4331
4555 12.7600
4556 184.9362
4557 237.2757
4558 79.4810
4559 425.1903
4560 368.7557
4561 36.4136
4562 62.9924
4563 71.0371
4564 199.3991
4565 46.8790
4566 180.9430
4567 167.8691
4568 72.5059
4569 134.6480
4570 476.4718
4571 393.4559
4572 589.9530
4573 87.3586
4574 237.1592
4575 169.5807
4576 362.5336
4577 291.6989
4578 133.8616
4579 14.4824
4580 981.3589
4581 292.4582
4582 55.2719
4583 8.4261
4584 1469.6450
4585 146.9315
4586 122.0968
4587 791.0750
4588 88.5155
4589 15.8323
4590 313.1174
4591 265.9250
4592 42.3596
4593 226.9467
4594 380.1391
4595 2.5551
4596 342.9080
4597 18.1457
4598 2090.8564
4599 98.5623
4600 884.6068
4601 155.4141
4602 224.1126
4603 278.9449
4604 183.6392
4605 373.9416
4606 82.5847
4607 321.0043
4608 197.0035
4609 7.2628
4610 232.1382
4611 333.3207
4612 366.9074
4613 292.7106
4614 302.6838
4615 697.1402
4616 5.7669
4617 311.0174
4618 163.9956
4619 396.4945
4620 19.7424
4621 104.0736
4622 378.6306
4623 351.3746
4624 95.0920
4625 51.3490
4626 152.0244
4627 1318.0506
4628 10.9125
4629 318.3837
4630 201.0596
4631 149.5544
4632 129.7409
4633 558.6477
4634 239.5294
4635 141.7777
4636 44.4243
4637 172.1447
4638 140.0935
4639 109.5289
4640 360.8231
4641 348.1077
4642 961.5680
4643 192.6331
4644 451.1733
4645 1441.2644
4646 72.1554
4647 572.7429
4648 384.4013
4649 50.9516
4650 128.7987
4651 1312.8069
4652 21.8164
4653 422.7563
4654 260.6742
4655 216.4306
4656 139.1753
4657 57.8510
4658 867.2188
4659 420.1388
4660 314.7533
4661 324.8796
4662 1678.5316
4663 763.5297
4664 55.3033
4665 659.3691
4666 210.1708
4667 274.2381
4668 1081.7605
4669 1662.1117
4670 122.0764
4671 283.3113
4672 86.6735
4673 54.9548
4674 1049.7785
4675 544.8456
4676 59.3185
4677 103.3557
4678 64.6982
4679 177.7021
4680 1067.3320
4681 141.4240
4682 250.8622
4683 248.9358
4684 274.0081
4685 215.4141
4686 50.8761
4687 27.5255
4688 69.1553
4689 287.1678
4690 167.3925
4691 117.7149
4692 83.4324
4693 598.9430
4694 67.7046
4695 382.7184
4696 160.3184
4697 7.4104
4698 106.0575
4699 438.2230
4700 197.7457
4701 298.4832
4702 222.5169
4703 344.0428
4704 65.0344
4705 217.8901
4706 165.0382
4707 148.4487
4708 60.6354
4709 233.0150
4710 216.5150
4711 232.6768
4712 24.7049
4713 36.4768
4714 271.0375
4715 277.9248
4716 201.3868
4717 192.1605
4718 342.5835
4719 159.7992
4720 393.6593
4721 507.4179
4722 460.5025
4723 33.6337
4724 22.7866
4725 138.9814
4726 139.2154
4727 84.1215
4728 406.8116
4729 24.3013
4730 820.6870
4731 149.7032
4732 100.8916
4733 66.8514
4734 2236.1217
4735 170.2651
4736 177.4946
4737 468.5620
4738 266.0712
4739 203.8751
4740 494.3518
4741 995.9875
4742 269.1646
4743 160.6263
4744 111.2549
4745 33.7951
4746 144.4461
4747 196.1274
4748 130.8097
4749 428.1995
4750 117.1105
4751 421.6140
4752 429.2833
4753 263.7386
4754 44.3951
4755 747.8205
4756 378.3995
4757 2122.9702
4758 746.4009
4759 110.7538
4760 162.6021
4761 154.3747
4762 334.1443
4763 2.6552
4764 463.3302
4765 2577.8795
4766 153.8459
4767 230.4885
4768 292.0519
4769 52.1943
4770 148.4712
4771 231.3818
4772 153.3802
4773 118.4157
4774 551.5837
4775 267.9058
4776 85.1829
4777 190.9029
4778 117.4340
4779 158.9735
4780 789.1947
4781 637.4566
4782 51.4002
4783 338.7946
4784 217.0185
4785 139.7282
4786 525.4152
4787 236.5082
4788 72.5015
4789 64.5724
4790 198.1032
4791 600.0642
4792 606.0611
4793 90.4282
4794 132.7122
4795 228.7509
4796 96.9313
4797 1001.7306
4798 72.5391
4799 140.4832
4800 329.9277
4801 212.8190
4802 329.2881
4803 66.1098
4804 122.4836
4805 12.0001
4806 214.4694
4807 417.9907
4808 180.6546
4809 1065.8434
4810 315.2334
4811 187.4014
4812 250.6422
4813 936.7484
4814 279.9838
4815 291.6478
4816 162.6848
4817 90.2118
4818 287.3271
4819 404.6035
4820 80.0144
4821 57.3631
4822 266.8675
4823 47.9471
4824 159.9453
4825 56.4933
4826 75.4237
4827 481.5165
4828 158.4021
4829 1028.1590
4830 100.2654
4831 200.8899
4832 90.8742
4833 220.4838
4834 553.7051
4835 267.1247
4836 58.2866
4837 93.2150
4838 65.5755
4839 129.3913
4840 70.1538
4841 379.5997
4842 203.2527
4843 178.0574
4844 215.3178
4845 -7.8914
4846 350.1364
4847 29.6204
4848 92.8194
4849 378.8191
4850 228.3856
4851 248.1130
4852 81.8198
4853 542.2019
4854 75.4818
4855 66.0630
4856 294.8138
4857 89.9147
4858 170.0381
4859 637.6666
4860 -5.1487
4861 156.4884
4862 200.4125
4863 454.0021
4864 442.4218
4865 258.3433
4866 476.6127
4867 115.3790
4868 130.8427
4869 164.5729
4870 353.2026
4871 217.4431
4872 157.2781
4873 856.3055
4874 1530.9380
4875 129.1122
4876 724.2898
4877 373.5953
4878 215.3619
4879 623.3051
4880 518.0332
4881 175.6160
4882 219.0678
4883 104.6432
4884 99.3330
4885 75.0692
4886 259.3446
4887 95.5731
4888 96.0206
4889 53.4764
4890 76.6726
4891 961.9973
4892 238.4348
4893 345.2518
4894 112.1888
4895 9.3002
4896 70.8673
4897 277.1480
4898 159.6287
4899 43.8116
4900 11.9583
4901 379.1433
4902 588.9029
4903 207.0172
4904 1301.0649
4905 169.1261
4906 104.2262
4907 59.4769
4908 155.1417
4909 133.8613
4910 23.9136
4911 95.2872
4912 451.1578
4913 62.8020
4914 422.5034
4915 159.2934
4916 318.4076
4917 99.6199
4918 38.9344
4919 1496.4334
4920 502.5682
4921 144.9650
4922 229.1366
4923 2372.1989
4924 519.3329
4925 105.8021
4926 146.7337
4927 184.6593
4928 3.1031
4929 308.3019
4930 147.3312
4931 1137.0305
4932 284.5196
4933 366.8809
4934 377.1582
4935 21.8362
4936 0.8436
4937 1169.9361
4938 282.2005
4939 147.6093
4940 64.7030
4941 62.4098
4942 215.5483
4943 -3.7619
4944 115.7299
4945 61.6000
4946 21.6958
4947 86.8292
4948 177.8400
4949 659.3106
4950 249.9170
4951 1970.3439
4952 61.0599
4953 120.9853
4954 153.6408
4955 38.1379
4956 236.5685
4957 106.0404
4958 812.6391
4959 125.5685
4960 247.7335
4961 40.5492
4962 38.0378
4963 25.9345
4964 252.7683
4965 393.6532
4966 208.0473
4967 460.2419
4968 144.9346
4969 115.9889
4970 82.9612
4971 739.4226
4972 259.7205
4973 360.8559
4974 155.1290
4975 75.1056
4976 275.5694
4977 258.4015
4978 1042.9480
4979 81.1577
4980 27.2520
4981 294.3227
4982 71.0509
4983 124.0088
4984 390.2556
4985 887.0183
4986 490.8975
4987 586.4566
4988 141.8870
4989 59.8476
4990 576.1971
4991 60.1381
4992 302.8918
4993 283.1480
4994 140.7750
4995 311.2082
4996 188.7256
4997 314.0383
4998 308.2591
4999 -5.7238
5000 241.6614
5001 126.1851
5002 103.1957
5003 243.0780
5004 73.9484
5005 1086.4691
5006 168.8021
5007 416.0412
5008 343.5273
5009 131.6363
5010 318.4183
5011 99.4235
5012 255.2706
5013 77.2501
5014 115.4538
5015 132.5665
5016 165.8959
5017 155.5444
5018 141.6959
5019 98.6500
5020 9.7500
5021 201.8555
5022 939.0019
5023 97.1101
5024 247.4217
5025 257.3543
5026 215.1910
5027 222.6404
5028 224.4145
5029 196.1372
5030 572.3076
5031 92.0536
5032 219.4799
5033 837.6752
5034 362.2119
5035 233.2091
5036 138.2518
5037 387.2279
5038 846.3905
5039 9.0087
5040 90.4140
5041 -16.3643
5042 550.3905
5043 56.8968
5044 16.7623
5045 307.0238
5046 196.1115
5047 23.3416
5048 179.7968
5049 95.3565
5050 138.6095
5051 252.5590
5052 317.7690
5053 148.4103
5054 71.4626
5055 131.2347
5056 61.3657
5057 1524.6406
5058 214.2559
5059 862.3852
5060 14.2826
5061 102.8172
5062 134.8177
5063 1620.2495
5064 60.9493
5065 195.6248
5066 181.3781
5067 2697.0353
5068 5.5700
5069 122.3776
5070 226.3117
5071 178.3183
5072 112.5275
5073 35.7849
5074 250.2280
5075 222.5730
5076 191.4621
5077 74.2667
5078 547.8945
5079 163.6327
5080 168.9554
5081 562.5399
5082 -50.1689
5083 178.6186
5084 318.4039
5085 312.2041
5086 133.7466
5087 79.6560
5088 197.1387
5089 29.4036
5090 366.0666
5091 173.3864
5092 213.6059
5093 95.6956
5094 78.8583
5095 52.2322
5096 150.4407
5097 597.7702
5098 152.3039
5099 719.6847
5100 243.3025
5101 239.9904
5102 468.3092
5103 83.0594
5104 153.9001
5105 58.6515
5106 47.5836
5107 400.0745
5108 208.4978
5109 458.4825
